500
56 485
56 435
56 95
485 321
485 407
194 437
194 292
194 39
437 290
437 308
152 282
152 221
152 181
282 298
282 190
240 404
240 356
240 266
404 86
404 73
47 275
47 382
47 31
275 110
275 210
92 435
92 359
92 488
435 243
232 320
232 36
232 428
320 413
320 412
458 483
458 370
458 341
483 292
483 291
142 265
142 262
142 83
265 95
265 6
2 352
2 58
2 224
352 314
352 184
160 408
160 403
160 220
408 415
408 69
182 337
182 188
182 322
337 134
337 86
114 139
114 49
114 261
139 88
139 110
4 407
4 376
4 343
407 324
169 465
169 187
169 326
465 271
465 342
64 318
64 173
64 108
318 369
318 80
42 281
42 461
42 172
281 399
281 126
7 85
7 197
7 255
85 286
85 137
313 357
313 22
313 353
357 381
357 291
91 155
91 82
91 156
155 406
155 401
98 203
98 305
98 438
203 231
203 393
125 306
125 35
125 362
306 475
306 372
89 231
89 75
89 325
231 131
208 322
208 348
208 450
322 102
128 311
128 365
128 130
311 360
311 236
354 385
354 440
354 63
385 449
385 242
119 253
119 461
119 255
253 299
253 497
377 396
377 475
377 123
396 24
396 305
175 401
175 462
175 489
401 429
277 467
277 374
277 257
467 289
467 402
300 441
300 280
300 386
441 109
441 187
157 383
157 486
157 74
383 400
383 393
233 351
233 350
233 368
351 338
351 192
257 470
257 198
470 1
470 303
197 40
197 230
35 13
35 494
388 392
388 468
388 202
392 482
392 328
88 378
88 479
378 256
378 368
249 484
249 464
249 355
484 210
484 117
54 147
54 132
54 148
147 389
147 228
8 278
8 164
8 294
278 393
278 225
403 58
403 446
324 355
324 433
49 50
49 495
50 199
50 500
181 444
181 162
444 439
444 336
263 495
263 391
263 178
495 406
9 499
9 185
9 390
499 372
499 3
486 120
486 159
272 473
272 250
272 460
473 67
473 135
475 379
138 244
138 426
138 398
244 206
244 406
283 482
283 296
283 279
482 452
443 471
443 84
443 250
471 225
471 303
382 65
382 55
124 327
124 69
124 366
327 329
327 248
215 356
215 309
215 140
356 223
121 447
121 21
121 310
447 106
447 360
5 254
5 247
5 66
254 381
254 23
453 493
453 409
453 235
493 258
493 90
206 439
206 219
188 217
188 410
36 79
36 342
55 93
55 338
93 339
93 158
434 498
434 288
434 136
498 70
498 316
75 309
75 212
309 204
213 261
213 341
213 84
261 40
18 440
18 118
18 87
440 293
101 218
101 423
101 201
218 45
218 269
111 402
111 456
111 289
402 296
83 429
83 496
429 227
79 411
79 116
113 201
113 163
113 367
201 158
32 365
32 107
32 450
365 276
450 451
451 62
451 373
73 137
73 187
137 334
287 335
287 469
287 59
335 209
335 30
296 108
81 477
81 492
81 180
477 226
477 37
106 180
106 461
180 6
146 216
146 294
146 241
216 190
216 358
134 260
134 344
260 340
260 325
416 476
416 27
416 38
476 168
476 492
3 176
3 481
176 302
176 108
292 214
109 431
109 353
154 174
154 424
154 474
174 163
174 312
19 129
19 360
19 16
129 478
129 26
202 269
202 425
269 217
264 491
264 333
264 312
491 222
491 34
211 308
211 438
211 280
308 442
413 452
413 319
452 490
227 30
227 132
284 307
284 316
284 94
307 479
307 353
417 431
417 248
417 43
431 140
148 297
148 117
297 184
297 288
173 236
173 460
316 165
117 156
350 299
350 150
305 41
217 454
199 455
199 39
455 270
455 209
171 384
171 28
171 59
384 69
384 423
368 132
14 339
14 418
14 271
339 72
280 239
67 165
67 285
165 290
140 149
149 331
149 162
438 168
46 380
46 44
46 290
380 376
380 163
11 422
11 379
11 238
422 331
422 405
63 469
63 72
469 110
24 221
24 61
221 288
170 415
170 256
170 343
415 336
198 330
198 241
41 301
41 107
301 20
301 141
1 76
1 31
76 496
76 489
319 207
319 262
223 430
223 409
430 328
430 20
370 112
370 268
150 464
150 245
464 463
371 432
371 466
371 400
432 361
432 122
362 374
362 61
374 326
235 279
235 204
279 185
44 247
44 395
105 151
105 27
105 398
151 200
151 207
454 466
454 285
466 428
333 191
333 68
58 398
52 315
52 448
52 122
315 116
315 266
226 33
226 355
133 496
133 239
133 334
204 293
230 456
230 302
456 96
40 479
62 481
62 144
481 347
250 80
27 248
321 332
321 166
332 394
332 15
16 123
16 127
123 224
207 363
336 442
442 490
153 348
153 144
153 43
348 189
344 241
344 156
340 196
340 87
51 346
51 247
51 112
346 131
346 189
225 33
72 387
387 68
387 328
423 472
25 37
25 144
25 411
37 104
446 448
446 395
448 90
372 26
399 258
399 59
376 299
145 209
145 185
145 345
48 276
48 436
48 212
276 135
53 391
53 436
53 462
391 245
381 271
177 445
177 397
177 420
445 243
445 258
23 130
23 375
130 418
295 400
295 112
295 118
190 118
99 107
99 115
99 60
161 427
161 33
161 186
427 172
427 480
419 472
419 143
419 341
472 268
96 15
96 78
12 57
12 84
12 77
57 462
57 242
195 349
195 205
195 136
349 345
349 38
126 326
126 439
158 433
131 459
459 289
459 474
424 222
424 31
94 474
94 220
6 45
205 347
205 22
285 410
270 397
270 259
239 246
135 497
45 494
237 314
237 192
237 273
314 363
29 294
29 104
29 120
358 26
358 310
302 70
17 167
17 166
17 425
167 164
167 234
168 97
418 192
394 410
394 480
13 30
13 364
494 359
329 420
329 268
143 219
143 236
95 342
256 369
420 463
389 436
389 220
178 367
178 361
367 127
74 65
74 489
80 246
246 411
234 304
234 71
304 317
304 361
191 229
191 317
189 409
222 184
298 39
298 421
251 338
251 449
251 293
325 136
70 164
193 262
193 90
193 22
61 120
369 28
379 259
331 60
426 478
426 468
478 386
267 323
267 330
267 405
323 77
323 274
104 87
179 210
179 71
179 487
97 274
97 334
166 252
172 421
317 28
82 115
82 196
115 183
490 21
238 390
238 196
390 414
364 395
364 273
34 102
34 375
102 186
86 103
103 214
103 330
343 457
457 122
457 303
245 66
186 252
480 433
345 468
449 255
68 20
347 500
219 463
116 363
397 65
10 229
10 366
10 487
229 312
243 38
21 497
200 78
200 141
421 375
359 224
77 259
274 141
412 60
412 228
414 425
414 487
286 159
286 488
460 488
66 212
127 500
386 100
100 15
100 310
162 373
71 159
43 373
428 183
266 273
78 366
291 214
492 228
242 405
252 183
