100
7 19
7 83
7 18
19 24
19 11
83 50
83 70
27 31
27 35
27 24
31 6
31 15
42 59
42 10
42 60
59 17
59 51
9 56
9 30
9 80
56 53
56 15
62 71
62 48
62 50
71 47
71 82
65 88
65 53
65 21
88 94
88 41
4 14
4 41
4 95
14 20
14 23
18 22
18 48
22 55
22 84
38 89
38 10
38 26
89 79
89 82
3 67
3 35
3 39
67 12
67 26
77 80
77 100
77 12
80 24
81 96
81 34
81 47
96 28
96 73
41 49
34 94
34 58
94 85
51 55
51 84
55 40
26 35
36 100
36 28
36 69
100 91
16 97
16 49
16 5
97 33
97 12
91 49
91 11
23 75
23 78
75 98
75 1
6 13
6 52
13 25
13 86
47 78
78 40
20 48
20 82
63 68
63 46
63 72
68 66
68 92
50 44
33 29
33 44
29 54
29 37
54 30
54 95
87 98
87 52
87 69
98 92
84 99
99 61
99 45
43 92
43 57
43 45
46 58
46 40
2 93
2 15
2 44
93 21
93 5
28 57
57 74
37 69
37 66
85 86
85 76
66 17
52 64
53 86
61 45
61 11
17 60
8 72
8 76
8 32
72 25
39 90
39 79
74 70
74 21
90 76
90 1
25 64
79 32
95 73
30 58
1 32
10 60
64 73
5 70
