200
1 54
1 57
1 78
1 88
1 115
1 144
1 154
2 25
2 41
2 91
2 101
2 135
2 136
2 150
2 152
2 160
2 172
2 185
2 198
2 200
3 20
3 92
3 107
3 164
4 6
4 24
4 60
4 68
4 87
4 92
4 118
4 138
4 158
4 165
4 188
4 195
5 16
5 33
5 47
5 57
5 93
5 101
5 107
5 111
5 122
5 129
5 130
5 167
5 171
5 181
6 57
6 81
6 104
6 119
6 144
6 147
6 153
6 154
6 181
7 26
7 36
7 56
7 73
7 94
7 97
7 105
7 123
7 143
7 151
8 20
8 28
8 43
8 46
8 120
8 167
8 176
8 182
9 21
9 53
9 58
9 100
9 119
9 120
9 132
9 133
9 136
9 142
10 14
10 52
10 102
10 125
10 155
10 176
10 185
11 18
11 39
11 54
11 60
11 62
11 78
11 98
11 111
11 144
11 152
11 155
11 156
11 165
12 41
12 57
12 58
12 64
12 102
12 125
12 133
12 156
12 160
12 175
12 181
12 184
12 190
13 40
13 46
13 87
13 115
13 136
13 140
13 166
14 50
14 60
14 134
14 151
14 155
15 24
15 43
15 90
15 135
15 143
15 145
15 152
15 184
16 35
16 38
16 49
16 68
16 108
16 118
16 119
16 145
16 192
17 20
17 31
17 41
17 55
17 69
17 116
17 149
17 180
17 187
18 19
18 36
18 64
18 84
18 87
18 97
18 116
18 124
18 129
18 132
18 184
18 185
18 198
19 90
19 139
19 194
20 70
20 83
20 91
20 102
20 121
20 124
20 148
20 172
20 177
20 192
21 24
21 49
21 115
21 158
21 159
21 168
22 52
22 78
22 79
22 84
22 96
22 97
22 113
22 123
22 128
22 178
22 182
23 28
23 61
23 66
23 75
23 107
23 145
23 146
23 158
23 174
23 198
24 31
24 57
24 58
24 81
24 92
24 116
24 122
24 129
24 135
24 142
24 151
24 154
25 39
25 73
25 79
25 87
25 88
25 91
25 109
25 111
25 116
25 188
25 198
26 30
26 91
26 100
26 130
26 154
26 168
27 51
27 65
27 87
27 187
27 194
28 80
28 93
28 97
28 101
28 116
28 119
28 140
28 159
28 176
29 31
29 57
29 74
29 77
29 78
29 89
29 91
29 124
29 128
29 132
29 155
29 164
29 181
29 187
30 35
30 66
30 75
30 87
30 138
30 143
31 43
31 72
31 76
31 84
31 111
31 129
32 100
32 112
32 117
32 128
32 134
32 142
32 155
32 160
32 166
32 195
33 40
33 128
33 180
34 37
34 43
34 70
34 80
34 153
34 173
34 180
34 181
35 44
35 45
35 49
35 57
35 109
35 133
35 151
35 154
35 165
35 168
35 184
35 186
36 42
36 45
36 107
36 113
36 117
36 122
36 124
36 151
36 152
36 157
36 161
37 47
37 49
37 64
37 69
37 83
37 97
37 98
37 104
37 168
37 191
38 71
38 84
38 124
38 139
38 143
38 146
38 192
39 62
39 127
39 161
40 43
40 76
40 80
40 90
40 126
40 144
40 145
40 184
41 47
41 66
41 129
41 164
41 176
42 192
43 67
43 137
43 195
43 199
44 64
44 80
44 102
44 141
44 157
44 198
45 157
45 175
45 178
45 179
46 73
46 95
46 100
46 114
46 167
46 189
47 61
47 72
47 82
47 100
47 107
47 108
47 128
47 129
47 130
47 194
48 75
48 88
48 111
48 137
48 140
49 100
49 188
49 189
50 64
50 117
50 119
50 124
50 127
50 140
50 175
50 189
50 199
51 112
51 127
51 169
51 189
52 68
52 98
52 106
52 109
52 141
52 154
52 193
53 63
53 87
53 120
53 162
53 163
54 75
54 123
54 125
54 150
55 99
55 167
55 200
56 69
56 72
56 74
56 75
56 115
56 132
56 153
56 170
56 178
56 180
57 59
57 80
57 95
57 122
57 159
57 189
57 191
57 193
57 199
58 75
58 76
58 78
58 80
58 85
58 88
58 98
58 118
58 125
59 64
59 66
59 111
59 125
59 143
59 145
59 148
59 157
59 181
59 195
60 83
60 124
60 135
60 163
61 75
61 78
61 84
61 87
61 104
61 116
61 117
61 120
61 123
61 133
61 158
62 111
62 117
62 144
62 175
63 76
63 96
63 97
63 98
63 104
63 132
63 136
63 172
64 76
64 95
64 107
64 123
65 80
65 110
65 112
65 134
65 153
66 84
66 86
66 100
66 101
66 111
67 107
67 146
67 180
67 199
68 81
68 82
68 130
68 150
68 191
68 196
69 78
69 79
69 99
69 140
69 152
69 167
70 79
70 118
70 200
71 72
71 75
71 78
71 83
71 87
71 97
71 104
71 106
71 118
71 127
71 177
71 197
72 75
72 94
72 112
72 125
72 181
72 199
73 87
73 88
73 92
73 140
73 153
73 157
73 158
73 194
74 88
74 94
74 104
74 126
74 143
74 146
74 188
75 92
75 168
75 190
76 106
76 129
76 143
76 148
76 173
76 199
77 80
77 93
77 140
77 160
77 184
77 197
78 84
78 90
78 104
78 135
78 136
78 138
78 151
79 80
79 88
79 104
79 109
79 116
79 157
79 181
79 183
79 195
80 144
80 195
80 199
81 94
81 122
81 128
81 136
81 147
81 148
81 189
81 200
82 122
82 127
82 169
82 182
82 200
83 86
83 96
83 178
83 179
83 192
84 87
84 118
84 157
84 167
84 172
84 191
84 198
85 105
85 107
85 136
85 139
85 154
85 161
85 167
86 88
86 106
86 166
86 168
86 174
86 176
86 177
87 115
87 140
87 149
87 161
87 168
87 176
87 179
88 89
88 96
88 137
88 140
88 152
88 156
88 167
88 173
88 174
89 109
89 128
89 146
89 160
89 165
89 186
89 189
89 195
89 199
90 126
90 144
90 170
90 179
91 122
91 127
91 142
91 164
92 126
92 142
92 149
92 154
92 158
92 165
92 173
92 191
93 103
93 104
93 116
93 143
93 152
93 158
93 159
93 160
93 165
93 188
93 198
94 95
94 128
94 139
94 145
94 146
95 109
95 121
95 126
95 157
95 176
96 109
96 125
96 143
96 160
96 164
96 187
96 192
97 173
97 196
98 194
98 196
99 117
99 146
99 149
99 163
99 172
99 178
100 112
100 127
100 137
100 140
100 182
100 185
101 127
101 128
101 136
101 138
102 133
102 167
102 188
102 190
103 119
103 125
103 135
103 153
103 164
103 194
103 199
103 200
104 120
104 130
104 135
104 164
105 114
105 145
106 107
106 109
106 160
108 197
109 155
109 157
109 185
109 192
110 121
110 128
110 173
110 191
111 113
111 143
111 151
111 193
111 200
112 144
112 178
112 184
113 115
113 118
113 135
113 144
113 147
113 157
113 168
114 122
114 154
114 173
114 179
114 194
114 196
115 131
115 183
115 196
115 197
116 125
116 170
117 122
117 138
117 143
117 158
117 160
118 167
118 181
119 128
119 134
119 145
119 166
119 172
120 131
120 136
120 171
120 182
121 122
121 126
121 137
121 177
121 178
121 188
122 149
122 171
122 181
122 196
123 125
123 134
123 177
123 178
123 200
124 128
124 156
124 173
124 198
125 163
125 170
125 198
126 147
126 159
126 176
127 131
127 140
127 150
127 164
127 197
128 136
128 191
129 130
129 140
129 192
129 198
130 137
130 139
130 157
130 164
130 167
130 168
130 169
130 175
130 191
131 196
132 153
132 192
133 181
133 187
133 198
135 141
135 170
135 181
135 186
135 197
136 140
136 141
136 163
136 175
136 177
136 199
137 147
137 196
138 179
138 199
139 160
139 164
139 175
139 187
139 190
140 168
140 192
141 154
142 153
143 147
143 161
144 148
144 154
144 172
144 174
144 182
144 197
145 170
145 178
146 158
146 166
147 155
150 162
150 166
151 156
152 155
152 156
152 165
152 193
153 161
153 165
153 177
153 183
153 192
154 158
154 161
154 163
154 164
154 168
154 190
154 195
155 163
155 199
156 162
156 196
157 179
157 192
157 200
158 162
158 168
158 169
159 164
159 175
160 165
160 172
160 181
162 186
162 189
162 194
162 196
163 186
164 195
165 167
165 175
166 170
167 198
168 175
168 185
169 177
169 192
169 198
170 185
170 189
170 200
171 176
171 198
171 199
172 190
172 196
173 180
173 195
174 181
174 194
176 177
176 191
178 185
179 192
180 199
182 184
184 186
184 194
187 200
188 195
188 197
193 195
194 196
