500
1 173
2 59
2 299
2 393
3 252
3 420
3 427
4 187
4 32
4 333
5 184
5 48
5 352
6 29
6 150
7 309
7 170
7 48
8 316
8 391
9 434
10 30
10 174
11 96
12 33
12 439
12 317
13 442
13 169
14 478
15 44
15 230
16 266
16 401
17 296
17 55
18 461
18 98
19 345
19 281
19 456
20 60
20 52
21 322
21 104
22 366
22 40
23 438
23 484
24 290
24 99
25 490
25 78
26 68
27 202
27 336
28 249
29 373
31 423
31 425
31 365
32 399
32 473
34 297
34 371
35 136
35 214
35 383
35 308
36 287
37 328
38 183
38 315
38 181
39 96
39 160
39 494
40 488
40 192
41 201
42 270
43 339
44 274
45 320
45 219
45 363
46 111
47 242
47 300
47 487
49 286
50 273
51 207
51 319
52 422
53 301
54 166
54 150
55 295
55 401
55 218
56 275
57 130
58 227
59 331
60 437
60 493
61 456
61 174
62 452
63 397
64 82
65 270
65 393
65 77
66 355
66 160
67 292
67 223
67 443
67 111
68 390
69 301
70 251
71 300
72 419
72 130
72 343
73 446
74 331
75 218
75 472
75 185
75 93
76 399
77 483
77 275
78 372
78 117
79 252
80 167
80 492
81 224
82 197
82 293
83 146
83 411
83 486
84 478
84 307
85 285
85 358
85 348
86 258
86 320
87 170
88 262
88 462
88 492
88 291
89 129
90 416
90 277
91 311
91 360
91 471
91 192
92 298
92 365
92 248
93 94
93 479
93 458
95 192
95 336
95 424
97 125
97 202
98 226
98 424
99 243
99 249
99 220
100 131
100 170
101 346
101 170
102 337
102 432
103 326
104 378
105 269
105 484
105 336
106 128
107 314
107 398
108 491
108 169
109 429
110 193
110 163
111 448
112 177
112 313
112 445
113 201
113 261
114 190
114 378
115 265
115 213
115 219
116 169
117 208
117 213
118 379
118 253
119 237
119 177
120 381
121 422
121 236
122 450
123 480
124 414
125 341
125 179
125 280
126 130
127 235
128 418
129 248
129 439
130 288
130 232
132 256
133 412
133 324
134 244
134 321
134 241
135 191
135 491
137 148
137 290
138 150
139 459
139 275
140 387
140 236
140 291
141 254
142 464
143 159
143 328
144 443
145 164
145 453
147 151
147 430
148 441
149 308
149 152
150 365
151 395
152 421
152 459
153 332
154 158
155 349
156 438
157 330
157 437
158 440
158 277
160 259
161 455
162 190
163 453
164 350
165 482
168 409
168 466
169 371
170 241
171 238
171 274
172 302
173 332
174 496
174 178
175 472
176 338
176 227
178 278
179 384
180 343
180 481
181 362
182 476
183 200
185 385
186 347
186 353
186 494
186 476
188 263
188 407
188 463
188 225
189 212
189 307
189 418
190 198
194 210
194 227
195 342
195 477
195 353
196 388
197 312
197 256
198 205
199 363
199 381
201 435
202 414
202 225
203 214
204 289
206 396
206 473
209 420
211 438
212 233
215 230
215 446
215 260
215 338
216 221
216 499
217 291
219 351
220 430
220 355
221 487
222 266
223 397
224 485
225 276
227 344
227 500
228 436
229 388
231 239
232 418
233 394
234 280
235 377
239 400
240 353
245 435
246 253
246 412
247 370
248 294
248 469
250 392
250 283
250 369
251 380
251 410
251 451
254 392
255 417
255 476
255 497
255 325
256 376
257 464
258 335
260 386
260 367
261 385
262 303
262 318
264 374
267 467
267 355
268 437
271 312
272 278
273 410
274 326
275 438
276 279
277 391
278 334
278 500
279 354
279 495
280 447
281 362
282 430
283 403
284 477
285 374
286 328
287 309
288 453
289 302
289 347
290 406
291 480
292 305
293 366
296 408
299 444
300 426
301 368
301 418
304 327
305 364
306 339
306 319
307 375
309 329
310 498
310 445
313 451
314 449
315 427
317 391
319 363
320 377
322 429
323 356
324 486
324 422
325 371
325 358
327 425
328 394
330 489
332 417
333 405
334 359
335 474
336 465
338 382
340 432
344 361
348 429
349 354
352 389
356 486
357 443
367 369
367 424
369 482
370 434
378 472
379 389
381 468
381 416
385 481
387 413
388 496
390 405
391 436
391 410
398 405
400 431
402 455
402 457
402 461
404 450
404 486
405 425
410 415
415 460
415 458
418 480
423 431
425 432
428 433
428 467
434 463
435 475
438 445
443 499
445 470
448 475
452 470
454 481
464 478
465 485
466 474
